1710 1693 0.15829E-02 0.14828E-05
1710 1692 0.19530E-02 0.22573E-05
1710 1690 0.25477E-02 0.38412E-05
195 180 0.65027E-03 0.25024E-06
196 180 0.49792E-03 0.14672E-06
195 179 0.26790E-02 0.42474E-05
214 202 0.26982E-02 0.43085E-05
197 180 0.26003E-02 0.40015E-05
198 180 0.16928E-02 0.16958E-05
217 201 0.13406E-02 0.10635E-05
217 202 0.20126E-02 0.23970E-05
239 217 0.12411E-02 0.91150E-06
239 218 0.22930E-02 0.31116E-05
239 219 0.25530E-02 0.38572E-05
218 199 0.19620E-02 0.22782E-05
218 201 0.12504E-02 0.92525E-06
218 202 0.74592E-03 0.32927E-06
219 201 0.29722E-02 0.52278E-05
219 202 0.22017E-02 0.28688E-05
220 201 0.93738E-03 0.51999E-06
220 202 0.12088E-02 0.86479E-06
220 212 0.14266E-02 0.12044E-05
225 212 0.18851E-02 0.21029E-05
225 211 0.23733E-02 0.33333E-05
977 965 0.15872E-02 0.14908E-05
943 224 0.61116E-03 0.22104E-06
956 224 0.29759E-02 0.52408E-05
959 211 0.22229E-02 0.29242E-05
959 234 0.30707E-02 0.55802E-05
959 235 0.16581E-02 0.16270E-05
955 945 0.14595E-02 0.12606E-05
957 944 0.33492E-02 0.66383E-05
958 944 0.47074E-03 0.13114E-06
958 945 0.72919E-03 0.31466E-06
959 942 0.27970E-02 0.46296E-05
959 944 0.11379E-02 0.76619E-06
959 945 0.58777E-03 0.20444E-06
979 964 0.25606E-02 0.38801E-05
935 922 0.17888E-02 0.18937E-05
939 921 0.12850E-02 0.97723E-06
939 922 0.40916E-03 0.99071E-07
939 919 0.26392E-02 0.41222E-05
1107 1075 0.19319E-02 0.22086E-05
1107 1077 0.19131E-02 0.21660E-05
1107 1078 0.20632E-02 0.25192E-05
1107 1076 0.17715E-02 0.18572E-05
1112 1092 0.30285E-02 0.54277E-05
1112 1093 0.25669E-02 0.38992E-05
1110 1077 0.19830E-02 0.23271E-05
1110 1079 0.83207E-03 0.40972E-06
1110 1080 0.14705E-02 0.12797E-05
1110 1081 0.22811E-02 0.30793E-05
1111 1081 0.28119E-02 0.46791E-05
1113 1080 0.21297E-02 0.26842E-05
1113 1081 0.61782E-03 0.22589E-06
1114 1081 0.15535E-02 0.14281E-05
1108 1093 0.23857E-02 0.33682E-05
1108 1089 0.32788E-02 0.63619E-05
1106 1077 0.33703E-02 0.67222E-05
1108 1075 0.30061E-02 0.53477E-05
1108 1077 0.25791E-02 0.39365E-05
1108 1074 0.30918E-02 0.56572E-05
1106 1076 0.29719E-02 0.52266E-05
1108 1076 0.12916E-02 0.98731E-06
1108 1079 0.29793E-02 0.52530E-05
1108 1080 0.22822E-02 0.30824E-05
1108 1082 0.13337E-02 0.10526E-05
1108 1083 0.84836E-03 0.42592E-06
1108 1070 0.10596E-02 0.66441E-06
1108 1071 0.12148E-02 0.87335E-06
1108 1072 0.31942E-02 0.60379E-05
1108 1073 0.14768E-02 0.12907E-05
1108 1087 0.33007E-02 0.64473E-05
1097 1071 0.21083E-02 0.26303E-05
1097 1069 0.22542E-02 0.30073E-05
1152 1128 0.25280E-02 0.37819E-05
1152 1129 0.12658E-02 0.94826E-06
1152 1130 0.22032E-02 0.28727E-05
1152 1131 0.29758E-02 0.52406E-05
1152 1132 0.15806E-02 0.14784E-05
1152 1133 0.21878E-02 0.28327E-05
1128 1116 0.18780E-02 0.20871E-05
1130 1115 0.34597E-02 0.70833E-05
1131 1115 0.63237E-03 0.23665E-06
1131 1116 0.91091E-03 0.49104E-06
1132 1116 0.33517E-02 0.66481E-05
1128 1081 0.15278E-02 0.13813E-05
1130 1079 0.30143E-02 0.53771E-05
1130 1080 0.17977E-02 0.19126E-05
1130 1081 0.16931E-03 0.16964E-07
1126 1102 0.89213E-03 0.14130E-05
1126 1103 0.11342E-02 0.22837E-05
1119 1091 0.28499E-02 0.48066E-05
1119 1093 0.29742E-02 0.52349E-05
1119 1096 0.10580E-02 0.19873E-05
1118 1103 0.75073E-03 0.10006E-05
1118 1104 0.78106E-03 0.10831E-05
1119 1104 0.76252E-03 0.10323E-05
1127 1102 0.54234E-03 0.52220E-06
1127 1103 0.62883E-03 0.70202E-06
1119 1099 0.82085E-03 0.11962E-05
1119 1105 0.57514E-03 0.58726E-06
1127 1100 0.97574E-03 0.16903E-05
1119 1070 0.33325E-02 0.65722E-05
1119 1071 0.54950E-03 0.17869E-06
1099 1071 0.34507E-02 0.70467E-05
1125 1102 0.96471E-03 0.16523E-05
1610 1582 0.22013E-02 0.28677E-05
1611 1582 0.26279E-02 0.40869E-05
1610 1584 0.19214E-02 0.21848E-05
1611 1584 0.24447E-02 0.35368E-05
1599 1577 0.22345E-02 0.29547E-05
1599 1578 0.31868E-02 0.60102E-05
1597 1584 0.22300E-02 0.29428E-05
1599 1579 0.34354E-02 0.69844E-05
1577 1560 0.26290E-02 0.40901E-05
1578 1558 0.10358E-02 0.63488E-06
1578 1560 0.11723E-02 0.81329E-06
1576 1554 0.17723E-02 0.18588E-05
1576 1555 0.27519E-02 0.44817E-05
1576 1556 0.28137E-02 0.46851E-05
1637 1613 0.52430E-03 0.48804E-06
1637 1614 0.73577E-03 0.96110E-06
1637 1615 0.26617E-03 0.12578E-06
1637 1616 0.71440E-03 0.90608E-06
1635 1613 0.34983E-03 0.21727E-06
1636 1613 0.36083E-03 0.23115E-06
1635 1612 0.76615E-03 0.10421E-05
1636 1612 0.74326E-03 0.98077E-06
1635 1614 0.57202E-03 0.58092E-06
1635 1615 0.39014E-03 0.27023E-06
1636 1614 0.27876E-03 0.13796E-06
1636 1615 0.86383E-03 0.13248E-05
1636 1584 0.28994E-02 0.49750E-05
1635 1616 0.86043E-03 0.13144E-05
1580 1560 0.32013E-02 0.60649E-05
1554 1540 0.14111E-02 0.11784E-05
1555 1538 0.20470E-02 0.24797E-05
1555 1540 0.16431E-02 0.15977E-05
1555 1541 0.18666E-02 0.20620E-05
1557 1540 0.13739E-02 0.11170E-05
1557 1541 0.25729E-02 0.39175E-05
1557 1545 0.29863E-02 0.52774E-05
1657 1637 0.78450E-03 0.10926E-05
1659 1637 0.44050E-03 0.34449E-06
1660 1637 0.30788E-03 0.16829E-06
1661 1637 0.44677E-03 0.35437E-06
1657 1635 0.31927E-03 0.18097E-06
1657 1636 0.34294E-03 0.20880E-06
1658 1635 0.71032E-03 0.89576E-06
1658 1636 0.40022E-03 0.28437E-06
1659 1635 0.34391E-03 0.20998E-06
1659 1636 0.29307E-03 0.15249E-06
1660 1635 0.58877E-03 0.61542E-06
1660 1636 0.92828E-03 0.15298E-05
1661 1635 0.10166E-02 0.18350E-05
1658 1585 0.28794E-02 0.49066E-05
1660 1638 0.70103E-03 0.87248E-06
1661 1638 0.41790E-03 0.31006E-06
1661 1639 0.93056E-03 0.15374E-05
1657 1633 0.97934E-03 0.17028E-05
1657 1634 0.51502E-03 0.47091E-06
1658 1633 0.90243E-03 0.14458E-05
1658 1634 0.92777E-03 0.15282E-05
1702 1570 0.16944E-02 0.16990E-05
1702 1572 0.11830E-02 0.82819E-06
1702 1573 0.17005E-02 0.17112E-05
1702 1545 0.23526E-02 0.32753E-05
1702 1569 0.33883E-02 0.67942E-05
1702 1546 0.21186E-02 0.26562E-05
1703 1562 0.27241E-02 0.43916E-05
1703 1563 0.22598E-02 0.30221E-05
1703 1572 0.17135E-02 0.17376E-05
1703 1573 0.18825E-02 0.20971E-05
1703 1545 0.41144E-03 0.10018E-06
1545 1528 0.37943E-03 0.25560E-06
1703 1544 0.16319E-02 0.15759E-05
1703 1546 0.15640E-02 0.14476E-05
1545 1527 0.57522E-03 0.58744E-06
1545 1526 0.78234E-03 0.10866E-05
1542 1528 0.32983E-02 0.64379E-05
1542 1529 0.27251E-02 0.43946E-05
1689 1673 0.95076E-03 0.53494E-06
1689 1677 0.23142E-02 0.31693E-05
1689 1672 0.12113E-02 0.86829E-06
1694 1571 0.31032E-02 0.56989E-05
1695 1571 0.17311E-02 0.17734E-05
1704 1571 0.16169E-02 0.15472E-05
1705 1571 0.12703E-02 0.95494E-06
1704 1570 0.14874E-02 0.13093E-05
1704 1572 0.16952E-02 0.17006E-05
1705 1570 0.15168E-02 0.13615E-05
1695 1677 0.62861E-03 0.70155E-06
1705 1569 0.23532E-02 0.32771E-05
1712 1693 0.13260E-02 0.10405E-05
1718 1702 0.79282E-03 0.11159E-05
1720 1702 0.69040E-03 0.84623E-06
1720 1545 0.25900E-02 0.39699E-05
1720 1703 0.71560E-03 0.90913E-06
1712 1692 0.10626E-02 0.66815E-06
1712 1704 0.31602E-02 0.59103E-05
1717 1704 0.34428E-02 0.70144E-05
1718 1704 0.70434E-03 0.88075E-06
1718 1705 0.95115E-03 0.16062E-05
1725 1692 0.19945E-02 0.23542E-05
1725 1695 0.97801E-03 0.16981E-05
1725 1704 0.10176E-02 0.18386E-05
1725 1705 0.70085E-03 0.87203E-06
1720 1528 0.68713E-03 0.27941E-06
1720 1701 0.63950E-03 0.72606E-06
1720 1527 0.10348E-02 0.63370E-06
1725 1698 0.10925E-02 0.21191E-05
1720 1524 0.16882E-02 0.16867E-05
1720 1525 0.19579E-02 0.22686E-05
1720 1526 0.23305E-03 0.32142E-07
1732 1715 0.21919E-02 0.28431E-05
1732 1716 0.13857E-02 0.11363E-05
1737 1528 0.30277E-02 0.54248E-05
1686 1673 0.16395E-02 0.15907E-05
1687 1673 0.93497E-03 0.51732E-06
1688 1673 0.21825E-02 0.28189E-05
1687 1670 0.25256E-02 0.37748E-05
1686 1672 0.10457E-02 0.64717E-06
1687 1672 0.16689E-02 0.16482E-05
1706 1693 0.32498E-02 0.62500E-05
1709 1693 0.24950E-02 0.36838E-05
1708 1692 0.33986E-02 0.68354E-05
1709 1692 0.13028E-02 0.10044E-05
1708 1686 0.26440E-02 0.41370E-05
1711 1693 0.34425E-02 0.70130E-05
1726 1716 0.23445E-02 0.32528E-05
1728 1715 0.27710E-02 0.45441E-05
1729 1715 0.80133E-03 0.38001E-06
1729 1716 0.11711E-02 0.81160E-06
1730 1715 0.19510E-02 0.22525E-05
1730 1716 0.10118E-02 0.60589E-06
1731 1716 0.31152E-02 0.57428E-05
1730 1713 0.31607E-02 0.59118E-05
1746 1736 0.21924E-02 0.28445E-05
1748 1735 0.28451E-02 0.47903E-05
1345 1331 0.33963E-02 0.68262E-05
1349 174 0.21161E-02 0.26500E-05
1349 175 0.61661E-03 0.22500E-06
1349 176 0.15590E-02 0.14383E-05
170 160 0.21748E-02 0.27991E-05
150 140 0.21622E-02 0.27667E-05
152 139 0.30475E-02 0.54959E-05
192 180 0.72725E-03 0.31299E-06
193 180 0.34987E-03 0.72439E-07
193 175 0.10429E-02 0.64361E-06
193 176 0.10732E-02 0.68164E-06
193 181 0.90206E-03 0.48155E-06
193 179 0.66130E-03 0.25880E-06
154 140 0.61437E-03 0.22337E-06
154 137 0.25185E-02 0.37537E-05
154 139 0.13265E-02 0.10413E-05
134 115 0.19064E-02 0.21507E-05
134 117 0.14908E-02 0.13152E-05
134 118 0.11802E-02 0.82430E-06
216 195 0.21706E-02 0.27882E-05
216 197 0.33090E-02 0.64797E-05
216 201 0.32814E-02 0.63719E-05
227 201 0.24683E-02 0.36054E-05
226 213 0.92944E-03 0.15337E-05
227 213 0.71814E-03 0.91559E-06
228 213 0.82535E-03 0.12094E-05
229 213 0.10991E-02 0.21447E-05
226 212 0.41017E-03 0.29869E-06
227 212 0.67779E-03 0.81560E-06
236 212 0.65885E-03 0.77065E-06
228 207 0.82137E-03 0.11978E-05
229 207 0.79840E-03 0.11317E-05
229 208 0.55303E-03 0.54298E-06
236 208 0.89683E-03 0.14279E-05
226 210 0.11110E-02 0.21914E-05
226 211 0.44615E-03 0.35339E-06
229 210 0.55224E-03 0.54144E-06
229 211 0.77946E-03 0.10786E-05
236 210 0.38802E-03 0.26730E-06
236 211 0.31393E-03 0.17496E-06
233 210 0.42854E-03 0.32604E-06
233 211 0.96060E-03 0.16382E-05
235 210 0.37726E-03 0.25268E-06
235 211 0.38401E-03 0.26181E-06
980 965 0.81552E-03 0.39359E-06
981 965 0.11097E-02 0.72879E-06
982 965 0.26874E-02 0.42739E-05
1000 981 0.40963E-03 0.99298E-07
1000 982 0.16168E-03 0.15470E-07
980 964 0.79391E-03 0.37300E-06
981 964 0.26852E-02 0.42670E-05
1000 983 0.20557E-02 0.25009E-05
1000 986 0.31653E-02 0.59294E-05
1000 987 0.25452E-02 0.38337E-05
999 981 0.20951E-02 0.25976E-05
1002 982 0.20392E-02 0.24608E-05
1002 986 0.21556E-02 0.27497E-05
999 987 0.75684E-03 0.33898E-06
1002 987 0.35133E-03 0.73047E-07
260 241 0.17652E-02 0.18440E-05
260 240 0.24190E-02 0.34628E-05
260 242 0.26889E-02 0.42787E-05
261 246 0.20661E-02 0.25262E-05
240 223 0.28049E-02 0.46560E-05
243 223 0.25439E-02 0.38297E-05
243 224 0.23964E-02 0.33985E-05
945 223 0.12231E-02 0.88531E-06
945 225 0.16261E-02 0.15649E-05
942 224 0.23289E-02 0.32099E-05
944 224 0.32249E-02 0.61548E-05
945 224 0.66727E-03 0.26349E-06
945 226 0.31192E-02 0.57576E-05
945 236 0.18488E-02 0.20229E-05
944 234 0.31087E-02 0.57189E-05
944 235 0.26813E-02 0.42546E-05
945 233 0.13908E-02 0.11446E-05
945 234 0.14407E-02 0.12284E-05
945 235 0.28651E-03 0.48580E-07
960 210 0.28241E-02 0.47199E-05
960 211 0.29015E-02 0.49822E-05
960 233 0.25666E-02 0.38985E-05
960 234 0.10773E-02 0.68686E-06
960 235 0.22712E-02 0.30526E-05
961 233 0.15066E-02 0.13434E-05
961 234 0.23173E-03 0.31779E-07
961 235 0.21554E-02 0.27493E-05
960 944 0.31926E-02 0.60318E-05
960 945 0.23899E-02 0.33802E-05
961 944 0.11132E-02 0.73336E-06
961 945 0.14034E-02 0.11656E-05
946 257 0.13605E-02 0.10953E-05
946 932 0.12588E-02 0.93768E-06
961 948 0.25762E-02 0.39275E-05
961 949 0.51445E-03 0.15662E-06
946 931 0.29005E-02 0.49785E-05
946 933 0.26525E-02 0.41636E-05
966 234 0.13377E-02 0.10589E-05
968 942 0.29239E-02 0.50592E-05
968 944 0.14496E-02 0.12435E-05
968 947 0.67197E-03 0.80165E-06
966 948 0.34302E-02 0.69633E-05
966 949 0.97133E-03 0.55835E-06
967 948 0.42667E-03 0.32320E-06
967 949 0.24550E-03 0.10700E-06
968 948 0.36169E-03 0.23225E-06
968 949 0.37893E-03 0.25492E-06
976 948 0.57556E-03 0.58812E-06
976 949 0.57839E-03 0.59392E-06
967 950 0.63050E-03 0.70577E-06
968 950 0.71318E-03 0.90300E-06
976 950 0.33682E-03 0.20141E-06
976 951 0.11255E-02 0.22488E-05
983 965 0.87651E-03 0.45466E-06
983 964 0.14229E-02 0.11981E-05
989 964 0.31971E-02 0.60491E-05
990 964 0.16929E-02 0.16961E-05
991 964 0.28936E-02 0.49550E-05
998 975 0.84097E-03 0.12556E-05
283 263 0.14046E-02 0.11676E-05
283 264 0.21085E-02 0.26309E-05
940 224 0.19536E-02 0.22585E-05
922 242 0.20265E-02 0.24303E-05
922 246 0.33917E-02 0.68077E-05
922 243 0.27697E-02 0.45398E-05
940 243 0.12519E-02 0.92749E-06
941 243 0.94294E-03 0.52618E-06
941 248 0.13605E-02 0.10953E-05
921 247 0.25385E-02 0.38136E-05
922 247 0.71693E-03 0.30417E-06
940 922 0.14208E-02 0.11947E-05
941 921 0.14228E-02 0.11980E-05
941 922 0.74936E-03 0.33231E-06
941 257 0.33134E-02 0.64972E-05
941 932 0.30603E-02 0.55422E-05
941 933 0.18360E-02 0.19948E-05
938 921 0.68951E-03 0.28135E-06
938 922 0.74666E-03 0.32992E-06
954 921 0.15685E-02 0.14559E-05
947 932 0.23143E-03 0.95086E-07
953 932 0.11155E-02 0.22093E-05
954 932 0.56129E-03 0.55932E-06
947 931 0.32637E-03 0.18911E-06
947 933 0.40332E-03 0.28880E-06
953 927 0.52649E-03 0.49212E-06
953 931 0.38004E-03 0.25642E-06
953 933 0.33131E-03 0.19487E-06
953 934 0.35014E-03 0.21765E-06
954 931 0.29400E-03 0.15346E-06
954 933 0.17646E-03 0.55281E-07
954 934 0.42475E-03 0.32030E-06
953 928 0.69016E-03 0.84565E-06
953 930 0.53245E-03 0.50332E-06
954 930 0.93667E-03 0.15576E-05
953 924 0.10507E-02 0.19601E-05
954 924 0.11444E-02 0.23251E-05
969 947 0.63476E-03 0.71533E-06
969 953 0.92806E-03 0.15291E-05
969 954 0.88306E-03 0.13844E-05
972 953 0.10026E-02 0.17848E-05
994 969 0.66563E-03 0.78661E-06
994 970 0.61964E-03 0.68167E-06
994 971 0.73596E-03 0.96160E-06
994 972 0.83215E-03 0.12294E-05
969 948 0.42727E-03 0.32411E-06
969 949 0.90792E-03 0.14635E-05
970 948 0.53156E-03 0.50164E-06
970 949 0.10653E-02 0.20148E-05
969 950 0.44816E-03 0.35657E-06
969 951 0.65627E-03 0.76463E-06
970 950 0.23889E-03 0.10131E-06
970 951 0.39856E-03 0.28201E-06
970 952 0.72514E-03 0.93353E-06
971 950 0.45085E-03 0.36086E-06
971 951 0.35809E-03 0.22766E-06
971 952 0.26319E-03 0.12297E-06
972 951 0.48199E-03 0.41243E-06
972 952 0.27034E-03 0.12975E-06
992 976 0.83793E-03 0.12465E-05
993 976 0.88805E-03 0.14001E-05
992 970 0.10611E-02 0.19989E-05
993 969 0.10906E-02 0.21118E-05
993 970 0.52645E-03 0.49203E-06
993 971 0.55397E-03 0.54483E-06
993 972 0.10969E-02 0.21359E-05
995 970 0.76376E-03 0.10356E-05
995 971 0.34780E-03 0.21475E-06
995 972 0.64525E-03 0.73917E-06
996 971 0.89676E-03 0.14277E-05
996 975 0.98046E-03 0.17067E-05
997 975 0.81420E-03 0.11769E-05
993 973 0.95201E-03 0.16090E-05
995 973 0.32750E-03 0.19042E-06
995 974 0.66958E-03 0.79596E-06
996 973 0.38489E-03 0.26301E-06
996 974 0.40582E-03 0.29239E-06
997 974 0.60430E-03 0.64832E-06
1075 1056 0.56062E-03 0.55798E-06
1077 1056 0.23408E-03 0.97279E-07
1078 1056 0.33726E-03 0.20194E-06
1075 1053 0.40953E-03 0.29776E-06
1075 1054 0.39500E-03 0.27700E-06
1075 1055 0.49019E-03 0.42660E-06
1077 1055 0.79417E-03 0.11197E-05
1074 1053 0.78685E-03 0.10992E-05
1074 1054 0.54125E-03 0.52009E-06
1074 1055 0.86293E-03 0.13220E-05
1074 1060 0.85564E-03 0.12998E-05
1086 1064 0.86542E-03 0.44323E-06
1086 1065 0.24221E-02 0.34716E-05
1086 1066 0.29735E-02 0.52325E-05
923 247 0.15787E-02 0.14749E-05
915 899 0.13900E-02 0.11434E-05
916 899 0.74949E-03 0.33243E-06
917 899 0.23083E-02 0.31531E-05
918 899 0.12484E-02 0.92228E-06
918 909 0.30942E-02 0.56658E-05
